====== pysrim run =======
        SRIM-2013.00
==========================================
    Ion and Target VACANCY production     
  See SRIM Outputs\TDATA.txt for calc. details
==========================================
====== TRIM Calc.= Al(150 keV) ==> None(  1 um) ==============================
------------------------------------------------------------------------------
 See file :  SRIM Outputs\TDATA.txt for calculation data
 Ion    = Al   Energy = 150 keV
============= TARGET MATERIAL ======================================
Layer  1 : None
Layer Width =     1.E+04 A ;
  Layer # 1- Density = 9.642E22 atoms/cm3 = 3.21 g/cm3
  Layer # 1- Si = 50   Atomic Percent = 70.0 Mass Percent
  Layer # 1-  C = 50   Atomic Percent = 29.9 Mass Percent
====================================================================
 Total Ions calculated =100.00
 Total Target Vacancies     = 1035 /Ion
 Total Target Displacements = 1065 /Ion
 Total Target Replacement Collisions = 30 /Ion

!!!! NOTE : 2nd Column below is number of Primary Knock-Ons !!!!
           ( PKO are number of Target Atoms Recoiling from the Ion. )
==========================================================
  Table Units are  >>>> Vacancies/(Angstrom-Ion)  <<<<  
==========================================================
   TARGET    
   DEPTH         Al           Si            C       
   (Ang.)     Knock-Ons    Vacancies    Vacancies   
-----------  -----------  -----------  -----------  
100010.E-03  3180.00E-05  1028.00E-04  1504.00E-04  
200010.E-03  3030.00E-05  9530.00E-05  1503.00E-04  
300010.E-03  3480.00E-05  1539.00E-04  2125.00E-04  
400010.E-03  3500.00E-05  1450.00E-04  2242.00E-04  
500010.E-03  4030.00E-05  1844.00E-04  2709.00E-04  
600010.E-03  3960.00E-05  1455.00E-04  2168.00E-04  
700010.E-03  4440.00E-05  1781.00E-04  2649.00E-04  
800010.E-03  4390.00E-05  1746.00E-04  2712.00E-04  
900010.E-03  4530.00E-05  2050.00E-04  3229.00E-04  
100001.E-02  5310.00E-05  2287.00E-04  3462.00E-04  
110001.E-02  5160.00E-05  2467.00E-04  3612.00E-04  
120001.E-02  5720.00E-05  2265.00E-04  3286.00E-04  
130001.E-02  5810.00E-05  2567.00E-04  3837.00E-04  
140001.E-02  5090.00E-05  2259.00E-04  3445.00E-04  
150001.E-02  5580.00E-05  2850.00E-04  4318.00E-04  
160001.E-02  6720.00E-05  2642.00E-04  4173.00E-04  
170001.E-02  6220.00E-05  2145.00E-04  3234.00E-04  
180001.E-02  4790.00E-05  1890.00E-04  2912.00E-04  
190001.E-02  4520.00E-05  1564.00E-04  2474.00E-04  
200001.E-02  3570.00E-05  1332.00E-04  1905.00E-04  
210001.E-02  2930.00E-05  1170.00E-04  1847.00E-04  
220001.E-02  1440.00E-05  4960.00E-05  7680.00E-05  
230001.E-02  1660.00E-05  5750.00E-05  8840.00E-05  
240001.E-02  1210.00E-05  3850.00E-05  6050.00E-05  
250001.E-02  8000.00E-06  1700.00E-05  2540.00E-05  
260001.E-02  6000.00E-06  1250.00E-05  1990.00E-05  
270001.E-02  3300.00E-06  7200.00E-06  1160.00E-05  
280001.E-02  1700.00E-06  5900.00E-06  6900.00E-06  
290001.E-02  2700.00E-06  3500.00E-06  4000.00E-06  
300001.E-02  0000.00E+00  0000.00E+00  0000.00E+00  
310001.E-02  0000.00E+00  0000.00E+00  0000.00E+00  
320001.E-02  0000.00E+00  0000.00E+00  0000.00E+00  
330001.E-02  0000.00E+00  0000.00E+00  0000.00E+00  
340001.E-02  0000.00E+00  0000.00E+00  0000.00E+00  
350001.E-02  0000.00E+00  0000.00E+00  0000.00E+00  
360001.E-02  0000.00E+00  0000.00E+00  0000.00E+00  
370001.E-02  0000.00E+00  0000.00E+00  0000.00E+00  
380001.E-02  0000.00E+00  0000.00E+00  0000.00E+00  
390001.E-02  0000.00E+00  0000.00E+00  0000.00E+00  
400001.E-02  0000.00E+00  0000.00E+00  0000.00E+00  
410001.E-02  0000.00E+00  0000.00E+00  0000.00E+00  
420001.E-02  0000.00E+00  0000.00E+00  0000.00E+00  
430001.E-02  0000.00E+00  0000.00E+00  0000.00E+00  
440001.E-02  0000.00E+00  0000.00E+00  0000.00E+00  
450001.E-02  0000.00E+00  0000.00E+00  0000.00E+00  
460001.E-02  0000.00E+00  0000.00E+00  0000.00E+00  
470001.E-02  0000.00E+00  0000.00E+00  0000.00E+00  
480001.E-02  0000.00E+00  0000.00E+00  0000.00E+00  
490001.E-02  0000.00E+00  0000.00E+00  0000.00E+00  
500001.E-02  0000.00E+00  0000.00E+00  0000.00E+00  
510001.E-02  0000.00E+00  0000.00E+00  0000.00E+00  
520001.E-02  0000.00E+00  0000.00E+00  0000.00E+00  
530001.E-02  0000.00E+00  0000.00E+00  0000.00E+00  
540001.E-02  0000.00E+00  0000.00E+00  0000.00E+00  
550001.E-02  0000.00E+00  0000.00E+00  0000.00E+00  
560001.E-02  0000.00E+00  0000.00E+00  0000.00E+00  
570001.E-02  0000.00E+00  0000.00E+00  0000.00E+00  
580001.E-02  0000.00E+00  0000.00E+00  0000.00E+00  
590001.E-02  0000.00E+00  0000.00E+00  0000.00E+00  
600001.E-02  0000.00E+00  0000.00E+00  0000.00E+00  
610001.E-02  0000.00E+00  0000.00E+00  0000.00E+00  
620001.E-02  0000.00E+00  0000.00E+00  0000.00E+00  
630001.E-02  0000.00E+00  0000.00E+00  0000.00E+00  
640001.E-02  0000.00E+00  0000.00E+00  0000.00E+00  
650001.E-02  0000.00E+00  0000.00E+00  0000.00E+00  
660001.E-02  0000.00E+00  0000.00E+00  0000.00E+00  
670001.E-02  0000.00E+00  0000.00E+00  0000.00E+00  
680001.E-02  0000.00E+00  0000.00E+00  0000.00E+00  
690001.E-02  0000.00E+00  0000.00E+00  0000.00E+00  
700001.E-02  0000.00E+00  0000.00E+00  0000.00E+00  
710001.E-02  0000.00E+00  0000.00E+00  0000.00E+00  
720001.E-02  0000.00E+00  0000.00E+00  0000.00E+00  
730001.E-02  0000.00E+00  0000.00E+00  0000.00E+00  
740001.E-02  0000.00E+00  0000.00E+00  0000.00E+00  
750001.E-02  0000.00E+00  0000.00E+00  0000.00E+00  
760001.E-02  0000.00E+00  0000.00E+00  0000.00E+00  
770001.E-02  0000.00E+00  0000.00E+00  0000.00E+00  
780001.E-02  0000.00E+00  0000.00E+00  0000.00E+00  
790001.E-02  0000.00E+00  0000.00E+00  0000.00E+00  
800001.E-02  0000.00E+00  0000.00E+00  0000.00E+00  
810001.E-02  0000.00E+00  0000.00E+00  0000.00E+00  
820001.E-02  0000.00E+00  0000.00E+00  0000.00E+00  
830001.E-02  0000.00E+00  0000.00E+00  0000.00E+00  
840001.E-02  0000.00E+00  0000.00E+00  0000.00E+00  
850001.E-02  0000.00E+00  0000.00E+00  0000.00E+00  
860001.E-02  0000.00E+00  0000.00E+00  0000.00E+00  
870001.E-02  0000.00E+00  0000.00E+00  0000.00E+00  
880001.E-02  0000.00E+00  0000.00E+00  0000.00E+00  
890001.E-02  0000.00E+00  0000.00E+00  0000.00E+00  
900001.E-02  0000.00E+00  0000.00E+00  0000.00E+00  
910001.E-02  0000.00E+00  0000.00E+00  0000.00E+00  
920001.E-02  0000.00E+00  0000.00E+00  0000.00E+00  
930001.E-02  0000.00E+00  0000.00E+00  0000.00E+00  
940001.E-02  0000.00E+00  0000.00E+00  0000.00E+00  
950001.E-02  0000.00E+00  0000.00E+00  0000.00E+00  
960001.E-02  0000.00E+00  0000.00E+00  0000.00E+00  
970001.E-02  0000.00E+00  0000.00E+00  0000.00E+00  
980001.E-02  0000.00E+00  0000.00E+00  0000.00E+00  
990001.E-02  0000.00E+00  0000.00E+00  0000.00E+00  
100000.E-01  0000.00E+00  0000.00E+00  0000.00E+00  

 To convert to Energy Lost - multiply by Average Binding Energy =  5.95  eV/Vacancy
