====== pysrim run =======
        SRIM-2013.00
========================================
      Ion and Recoil IONIZATION     
 See SRIM Outputs\TDATA.txt for details   
========================================
====== TRIM Calc.= Al(150 keV) ==> None(  1 um) ==============================
------------------------------------------------------------------------------
 See file :  SRIM Outputs\TDATA.txt   for calculation data
 Ion    = Al   Energy = 150 keV
============= TARGET MATERIAL ======================================
Layer 1 : None
Layer Width = 10000.E+00 A ;
  Layer # 1- Density = 9.642E22 atoms/cm3 = 3.21 g/cm3
  Layer # 1- Si = 50   Atomic Percent = 70.0 Mass Percent
  Layer # 1-  C = 50   Atomic Percent = 29.9 Mass Percent
====================================================================
 Total Ions calculated =000100.00
===============================================================
  Ionization Energy Units are  >>>>  eV /(Angstrom-Ion)  <<<<  
===============================================================

  TARGET       IONIZ.       IONIZ.  
  DEPTH         by           by     
  (Ang)        IONS         RECOILS 
-----------  -----------  -----------
100010.E-03  4649.90E-02  9636.43E-03
200010.E-03  4749.98E-02  1236.93E-02
300010.E-03  4595.87E-02  1312.10E-02
400010.E-03  4610.81E-02  1503.53E-02
500010.E-03  4480.37E-02  2082.85E-02
600010.E-03  4280.01E-02  1781.11E-02
700010.E-03  4045.82E-02  1778.60E-02
800010.E-03  3793.65E-02  2078.17E-02
900010.E-03  3912.72E-02  2293.72E-02
100001.E-02  3513.27E-02  1776.68E-02
110001.E-02  3698.90E-02  2298.38E-02
120001.E-02  3144.04E-02  2418.90E-02
130001.E-02  2652.55E-02  2165.72E-02
140001.E-02  2449.04E-02  2378.57E-02
150001.E-02  2146.35E-02  2230.02E-02
160001.E-02  1645.42E-02  1774.56E-02
170001.E-02  1557.21E-02  1905.35E-02
180001.E-02  1291.03E-02  1555.99E-02
190001.E-02  9395.30E-03  1364.58E-02
200001.E-02  7136.80E-03  1246.47E-02
210001.E-02  4148.86E-03  8074.15E-03
220001.E-02  3483.05E-03  3445.75E-03
230001.E-02  2167.33E-03  3310.53E-03
240001.E-02  1871.01E-03  2928.72E-03
250001.E-02  5308.37E-04  1125.38E-03
260001.E-02  2528.19E-04  2901.06E-04
270001.E-02  1937.69E-04  5141.58E-04
280001.E-02  3150.32E-05  5570.11E-05
290001.E-02  0000.00E+00  0000.00E+00
300001.E-02  0000.00E+00  0000.00E+00
310001.E-02  0000.00E+00  0000.00E+00
320001.E-02  0000.00E+00  0000.00E+00
330001.E-02  0000.00E+00  0000.00E+00
340001.E-02  0000.00E+00  0000.00E+00
350001.E-02  0000.00E+00  0000.00E+00
360001.E-02  0000.00E+00  0000.00E+00
370001.E-02  0000.00E+00  0000.00E+00
380001.E-02  0000.00E+00  0000.00E+00
390001.E-02  0000.00E+00  0000.00E+00
400001.E-02  0000.00E+00  0000.00E+00
410001.E-02  0000.00E+00  0000.00E+00
420001.E-02  0000.00E+00  0000.00E+00
430001.E-02  0000.00E+00  0000.00E+00
440001.E-02  0000.00E+00  0000.00E+00
450001.E-02  0000.00E+00  0000.00E+00
460001.E-02  0000.00E+00  0000.00E+00
470001.E-02  0000.00E+00  0000.00E+00
480001.E-02  0000.00E+00  0000.00E+00
490001.E-02  0000.00E+00  0000.00E+00
500001.E-02  0000.00E+00  0000.00E+00
510001.E-02  0000.00E+00  0000.00E+00
520001.E-02  0000.00E+00  0000.00E+00
530001.E-02  0000.00E+00  0000.00E+00
540001.E-02  0000.00E+00  0000.00E+00
550001.E-02  0000.00E+00  0000.00E+00
560001.E-02  0000.00E+00  0000.00E+00
570001.E-02  0000.00E+00  0000.00E+00
580001.E-02  0000.00E+00  0000.00E+00
590001.E-02  0000.00E+00  0000.00E+00
600001.E-02  0000.00E+00  0000.00E+00
610001.E-02  0000.00E+00  0000.00E+00
620001.E-02  0000.00E+00  0000.00E+00
630001.E-02  0000.00E+00  0000.00E+00
640001.E-02  0000.00E+00  0000.00E+00
650001.E-02  0000.00E+00  0000.00E+00
660001.E-02  0000.00E+00  0000.00E+00
670001.E-02  0000.00E+00  0000.00E+00
680001.E-02  0000.00E+00  0000.00E+00
690001.E-02  0000.00E+00  0000.00E+00
700001.E-02  0000.00E+00  0000.00E+00
710001.E-02  0000.00E+00  0000.00E+00
720001.E-02  0000.00E+00  0000.00E+00
730001.E-02  0000.00E+00  0000.00E+00
740001.E-02  0000.00E+00  0000.00E+00
750001.E-02  0000.00E+00  0000.00E+00
760001.E-02  0000.00E+00  0000.00E+00
770001.E-02  0000.00E+00  0000.00E+00
780001.E-02  0000.00E+00  0000.00E+00
790001.E-02  0000.00E+00  0000.00E+00
800001.E-02  0000.00E+00  0000.00E+00
810001.E-02  0000.00E+00  0000.00E+00
820001.E-02  0000.00E+00  0000.00E+00
830001.E-02  0000.00E+00  0000.00E+00
840001.E-02  0000.00E+00  0000.00E+00
850001.E-02  0000.00E+00  0000.00E+00
860001.E-02  0000.00E+00  0000.00E+00
870001.E-02  0000.00E+00  0000.00E+00
880001.E-02  0000.00E+00  0000.00E+00
890001.E-02  0000.00E+00  0000.00E+00
900001.E-02  0000.00E+00  0000.00E+00
910001.E-02  0000.00E+00  0000.00E+00
920001.E-02  0000.00E+00  0000.00E+00
930001.E-02  0000.00E+00  0000.00E+00
940001.E-02  0000.00E+00  0000.00E+00
950001.E-02  0000.00E+00  0000.00E+00
960001.E-02  0000.00E+00  0000.00E+00
970001.E-02  0000.00E+00  0000.00E+00
980001.E-02  0000.00E+00  0000.00E+00
990001.E-02  0000.00E+00  0000.00E+00
100000.E-01  0000.00E+00  0000.00E+00
