====== pysrim run =======
        SRIM-2013.00
========================================
      Ion and Recoil IONIZATION     
 See SRIM Outputs\TDATA.txt for details   
========================================
====== TRIM Calc.= Al(150 keV) ==> None(  1 um) ==============================
------------------------------------------------------------------------------
 See file :  SRIM Outputs\TDATA.txt   for calculation data
 Ion    = Al   Energy = 150 keV
============= TARGET MATERIAL ======================================
Layer 1 : None
Layer Width = 10000.E+00 A ;
  Layer # 1- Density = 9.642E22 atoms/cm3 = 3.21 g/cm3
  Layer # 1- Si = 50   Atomic Percent = 70.0 Mass Percent
  Layer # 1-  C = 50   Atomic Percent = 29.9 Mass Percent
====================================================================
 Total Ions calculated =000100.00
===============================================================
  Ionization Energy Units are  >>>>  eV /(Angstrom-Ion)  <<<<  
===============================================================

  TARGET       IONIZ.       IONIZ.  
  DEPTH         by           by     
  (Ang)        IONS         RECOILS 
-----------  -----------  -----------
100010.E-03  4734.24E-02  1194.72E-02
200010.E-03  4654.82E-02  1088.58E-02
300010.E-03  4559.94E-02  9702.23E-03
400010.E-03  4479.58E-02  1557.23E-02
500010.E-03  4271.98E-02  1860.88E-02
600010.E-03  4281.20E-02  2189.81E-02
700010.E-03  4071.71E-02  2276.26E-02
800010.E-03  4004.02E-02  1918.66E-02
900010.E-03  3625.98E-02  2409.26E-02
100001.E-02  3436.74E-02  3269.93E-02
110001.E-02  3071.37E-02  2450.30E-02
120001.E-02  2845.66E-02  2336.81E-02
130001.E-02  2832.19E-02  2159.82E-02
140001.E-02  2484.42E-02  2291.46E-02
150001.E-02  2011.55E-02  2463.15E-02
160001.E-02  1664.56E-02  1732.42E-02
170001.E-02  1382.40E-02  1281.86E-02
180001.E-02  1221.13E-02  1225.24E-02
190001.E-02  9447.05E-03  1363.34E-02
200001.E-02  6593.35E-03  9210.61E-03
210001.E-02  4152.22E-03  7014.48E-03
220001.E-02  2848.01E-03  3789.24E-03
230001.E-02  2076.14E-03  2688.25E-03
240001.E-02  1312.53E-03  2383.02E-03
250001.E-02  1024.36E-03  2134.83E-03
260001.E-02  3737.33E-04  1937.13E-03
270001.E-02  8948.38E-05  6755.73E-04
280001.E-02  0000.00E+00  3489.17E-04
290001.E-02  0000.00E+00  2544.75E-05
300001.E-02  0000.00E+00  0000.00E+00
310001.E-02  0000.00E+00  0000.00E+00
320001.E-02  0000.00E+00  0000.00E+00
330001.E-02  0000.00E+00  0000.00E+00
340001.E-02  0000.00E+00  0000.00E+00
350001.E-02  0000.00E+00  0000.00E+00
360001.E-02  0000.00E+00  0000.00E+00
370001.E-02  0000.00E+00  0000.00E+00
380001.E-02  0000.00E+00  0000.00E+00
390001.E-02  0000.00E+00  0000.00E+00
400001.E-02  0000.00E+00  0000.00E+00
410001.E-02  0000.00E+00  0000.00E+00
420001.E-02  0000.00E+00  0000.00E+00
430001.E-02  0000.00E+00  0000.00E+00
440001.E-02  0000.00E+00  0000.00E+00
450001.E-02  0000.00E+00  0000.00E+00
460001.E-02  0000.00E+00  0000.00E+00
470001.E-02  0000.00E+00  0000.00E+00
480001.E-02  0000.00E+00  0000.00E+00
490001.E-02  0000.00E+00  0000.00E+00
500001.E-02  0000.00E+00  0000.00E+00
510001.E-02  0000.00E+00  0000.00E+00
520001.E-02  0000.00E+00  0000.00E+00
530001.E-02  0000.00E+00  0000.00E+00
540001.E-02  0000.00E+00  0000.00E+00
550001.E-02  0000.00E+00  0000.00E+00
560001.E-02  0000.00E+00  0000.00E+00
570001.E-02  0000.00E+00  0000.00E+00
580001.E-02  0000.00E+00  0000.00E+00
590001.E-02  0000.00E+00  0000.00E+00
600001.E-02  0000.00E+00  0000.00E+00
610001.E-02  0000.00E+00  0000.00E+00
620001.E-02  0000.00E+00  0000.00E+00
630001.E-02  0000.00E+00  0000.00E+00
640001.E-02  0000.00E+00  0000.00E+00
650001.E-02  0000.00E+00  0000.00E+00
660001.E-02  0000.00E+00  0000.00E+00
670001.E-02  0000.00E+00  0000.00E+00
680001.E-02  0000.00E+00  0000.00E+00
690001.E-02  0000.00E+00  0000.00E+00
700001.E-02  0000.00E+00  0000.00E+00
710001.E-02  0000.00E+00  0000.00E+00
720001.E-02  0000.00E+00  0000.00E+00
730001.E-02  0000.00E+00  0000.00E+00
740001.E-02  0000.00E+00  0000.00E+00
750001.E-02  0000.00E+00  0000.00E+00
760001.E-02  0000.00E+00  0000.00E+00
770001.E-02  0000.00E+00  0000.00E+00
780001.E-02  0000.00E+00  0000.00E+00
790001.E-02  0000.00E+00  0000.00E+00
800001.E-02  0000.00E+00  0000.00E+00
810001.E-02  0000.00E+00  0000.00E+00
820001.E-02  0000.00E+00  0000.00E+00
830001.E-02  0000.00E+00  0000.00E+00
840001.E-02  0000.00E+00  0000.00E+00
850001.E-02  0000.00E+00  0000.00E+00
860001.E-02  0000.00E+00  0000.00E+00
870001.E-02  0000.00E+00  0000.00E+00
880001.E-02  0000.00E+00  0000.00E+00
890001.E-02  0000.00E+00  0000.00E+00
900001.E-02  0000.00E+00  0000.00E+00
910001.E-02  0000.00E+00  0000.00E+00
920001.E-02  0000.00E+00  0000.00E+00
930001.E-02  0000.00E+00  0000.00E+00
940001.E-02  0000.00E+00  0000.00E+00
950001.E-02  0000.00E+00  0000.00E+00
960001.E-02  0000.00E+00  0000.00E+00
970001.E-02  0000.00E+00  0000.00E+00
980001.E-02  0000.00E+00  0000.00E+00
990001.E-02  0000.00E+00  0000.00E+00
100000.E-01  0000.00E+00  0000.00E+00
