====== pysrim run =======
        SRIM-2013.00
======================================== 
       Ion and Recoil PHONONS        
 See SRIM Outputs\TDATA.txt for calc. details
======================================== 
====== TRIM Calc.= Al(150 keV) ==> None(  1 um) ==============================
------------------------------------------------------------------------------
 See file :  SRIM Outputs\TDATA.txt calculation data
 Ion    = Al   Energy = 150 keV
============= TARGET MATERIAL ======================================
Layer  1 : None
Layer Width =     1.E+04 AAA ;
  Layer # 1- Density = 9.642E22 atoms/cm3 = 3.21 g/cm3
  Layer # 1- Si = 50   Atomic Percent = 70.0 Mass Percent
  Layer # 1-  C = 50   Atomic Percent = 29.9 Mass Percent
====================================================================
 Total Ions calculated =100.00
========================================================
  Table Units are  >>>> Phonons /(Angstrom-Ion)  <<<<  
========================================================
  DEPTH       PHONONS     PHONONS    
  (Ang.)      by ION      by RECOILS 
-----------  -----------  -----------
100010.E-03  546940.E-06  865415.E-05
200010.E-03  556346.E-06  133533.E-04
300010.E-03  554974.E-06  156370.E-04
400010.E-03  635934.E-06  176168.E-04
500010.E-03  597425.E-06  172616.E-04
600010.E-03  714883.E-06  172161.E-04
700010.E-03  713224.E-06  189288.E-04
800010.E-03  716722.E-06  156321.E-04
900010.E-03  770879.E-06  202354.E-04
100001.E-02  924838.E-06  192149.E-04
110001.E-02  968671.E-06  248048.E-04
120001.E-02  805817.E-06  229969.E-04
130001.E-02  984672.E-06  230784.E-04
140001.E-02  105610.E-05  277021.E-04
150001.E-02  885829.E-06  218808.E-04
160001.E-02  806968.E-06  220275.E-04
170001.E-02  697681.E-06  214837.E-04
180001.E-02  773993.E-06  199970.E-04
190001.E-02  746179.E-06  212818.E-04
200001.E-02  598883.E-06  147025.E-04
210001.E-02  441835.E-06  902190.E-05
220001.E-02  326122.E-06  720959.E-05
230001.E-02  253662.E-06  565845.E-05
240001.E-02  154254.E-06  371649.E-05
250001.E-02  159035.E-06  216693.E-05
260001.E-02  111169.E-06  221463.E-05
270001.E-02  105546.E-06  183785.E-05
280001.E-02  583042.E-07  986181.E-06
290001.E-02  228857.E-07  541976.E-06
300001.E-02  000000.E+00  164890.E-08
310001.E-02  000000.E+00  000000.E+00
320001.E-02  000000.E+00  000000.E+00
330001.E-02  000000.E+00  000000.E+00
340001.E-02  000000.E+00  000000.E+00
350001.E-02  000000.E+00  000000.E+00
360001.E-02  000000.E+00  000000.E+00
370001.E-02  000000.E+00  000000.E+00
380001.E-02  000000.E+00  000000.E+00
390001.E-02  000000.E+00  000000.E+00
400001.E-02  000000.E+00  000000.E+00
410001.E-02  000000.E+00  000000.E+00
420001.E-02  000000.E+00  000000.E+00
430001.E-02  000000.E+00  000000.E+00
440001.E-02  000000.E+00  000000.E+00
450001.E-02  000000.E+00  000000.E+00
460001.E-02  000000.E+00  000000.E+00
470001.E-02  000000.E+00  000000.E+00
480001.E-02  000000.E+00  000000.E+00
490001.E-02  000000.E+00  000000.E+00
500001.E-02  000000.E+00  000000.E+00
510001.E-02  000000.E+00  000000.E+00
520001.E-02  000000.E+00  000000.E+00
530001.E-02  000000.E+00  000000.E+00
540001.E-02  000000.E+00  000000.E+00
550001.E-02  000000.E+00  000000.E+00
560001.E-02  000000.E+00  000000.E+00
570001.E-02  000000.E+00  000000.E+00
580001.E-02  000000.E+00  000000.E+00
590001.E-02  000000.E+00  000000.E+00
600001.E-02  000000.E+00  000000.E+00
610001.E-02  000000.E+00  000000.E+00
620001.E-02  000000.E+00  000000.E+00
630001.E-02  000000.E+00  000000.E+00
640001.E-02  000000.E+00  000000.E+00
650001.E-02  000000.E+00  000000.E+00
660001.E-02  000000.E+00  000000.E+00
670001.E-02  000000.E+00  000000.E+00
680001.E-02  000000.E+00  000000.E+00
690001.E-02  000000.E+00  000000.E+00
700001.E-02  000000.E+00  000000.E+00
710001.E-02  000000.E+00  000000.E+00
720001.E-02  000000.E+00  000000.E+00
730001.E-02  000000.E+00  000000.E+00
740001.E-02  000000.E+00  000000.E+00
750001.E-02  000000.E+00  000000.E+00
760001.E-02  000000.E+00  000000.E+00
770001.E-02  000000.E+00  000000.E+00
780001.E-02  000000.E+00  000000.E+00
790001.E-02  000000.E+00  000000.E+00
800001.E-02  000000.E+00  000000.E+00
810001.E-02  000000.E+00  000000.E+00
820001.E-02  000000.E+00  000000.E+00
830001.E-02  000000.E+00  000000.E+00
840001.E-02  000000.E+00  000000.E+00
850001.E-02  000000.E+00  000000.E+00
860001.E-02  000000.E+00  000000.E+00
870001.E-02  000000.E+00  000000.E+00
880001.E-02  000000.E+00  000000.E+00
890001.E-02  000000.E+00  000000.E+00
900001.E-02  000000.E+00  000000.E+00
910001.E-02  000000.E+00  000000.E+00
920001.E-02  000000.E+00  000000.E+00
930001.E-02  000000.E+00  000000.E+00
940001.E-02  000000.E+00  000000.E+00
950001.E-02  000000.E+00  000000.E+00
960001.E-02  000000.E+00  000000.E+00
970001.E-02  000000.E+00  000000.E+00
980001.E-02  000000.E+00  000000.E+00
990001.E-02  000000.E+00  000000.E+00
100000.E-01  000000.E+00  000000.E+00
