====== pysrim run =======
        SRIM-2013.00
========================================
      Ion and Recoil IONIZATION     
 See SRIM Outputs\TDATA.txt for details   
========================================
====== TRIM Calc.= Al(150 keV) ==> None(  1 um) ==============================
------------------------------------------------------------------------------
 See file :  SRIM Outputs\TDATA.txt   for calculation data
 Ion    = Al   Energy = 150 keV
============= TARGET MATERIAL ======================================
Layer 1 : None
Layer Width = 10000.E+00 A ;
  Layer # 1- Density = 9.642E22 atoms/cm3 = 3.21 g/cm3
  Layer # 1- Si = 50   Atomic Percent = 70.0 Mass Percent
  Layer # 1-  C = 50   Atomic Percent = 29.9 Mass Percent
====================================================================
 Total Ions calculated =000100.00
===============================================================
  Ionization Energy Units are  >>>>  eV /(Angstrom-Ion)  <<<<  
===============================================================

  TARGET       IONIZ.       IONIZ.  
  DEPTH         by           by     
  (Ang)        IONS         RECOILS 
-----------  -----------  -----------
100010.E-03  4981.02E-02  6994.81E-03
200010.E-03  4668.21E-02  1032.56E-02
300010.E-03  4704.54E-02  1397.61E-02
400010.E-03  4602.76E-02  1685.89E-02
500010.E-03  4247.01E-02  1692.06E-02
600010.E-03  4238.73E-02  1754.96E-02
700010.E-03  4185.66E-02  2126.06E-02
800010.E-03  3871.71E-02  2270.57E-02
900010.E-03  3517.90E-02  1942.93E-02
100001.E-02  3577.86E-02  2249.13E-02
110001.E-02  3323.88E-02  1838.83E-02
120001.E-02  3164.55E-02  1788.91E-02
130001.E-02  2877.37E-02  2387.01E-02
140001.E-02  2692.22E-02  1979.08E-02
150001.E-02  2370.86E-02  2544.82E-02
160001.E-02  2087.97E-02  2544.32E-02
170001.E-02  1473.94E-02  2359.07E-02
180001.E-02  1150.89E-02  1907.45E-02
190001.E-02  8278.26E-03  1417.25E-02
200001.E-02  6251.01E-03  1037.04E-02
210001.E-02  4286.96E-03  8834.46E-03
220001.E-02  2888.31E-03  5693.79E-03
230001.E-02  1647.67E-03  3654.11E-03
240001.E-02  9795.11E-04  2300.76E-03
250001.E-02  2431.68E-04  1114.87E-03
260001.E-02  0000.00E+00  1210.23E-03
270001.E-02  0000.00E+00  3580.11E-05
280001.E-02  0000.00E+00  0000.00E+00
290001.E-02  0000.00E+00  0000.00E+00
300001.E-02  0000.00E+00  0000.00E+00
310001.E-02  0000.00E+00  0000.00E+00
320001.E-02  0000.00E+00  0000.00E+00
330001.E-02  0000.00E+00  0000.00E+00
340001.E-02  0000.00E+00  0000.00E+00
350001.E-02  0000.00E+00  0000.00E+00
360001.E-02  0000.00E+00  0000.00E+00
370001.E-02  0000.00E+00  0000.00E+00
380001.E-02  0000.00E+00  0000.00E+00
390001.E-02  0000.00E+00  0000.00E+00
400001.E-02  0000.00E+00  0000.00E+00
410001.E-02  0000.00E+00  0000.00E+00
420001.E-02  0000.00E+00  0000.00E+00
430001.E-02  0000.00E+00  0000.00E+00
440001.E-02  0000.00E+00  0000.00E+00
450001.E-02  0000.00E+00  0000.00E+00
460001.E-02  0000.00E+00  0000.00E+00
470001.E-02  0000.00E+00  0000.00E+00
480001.E-02  0000.00E+00  0000.00E+00
490001.E-02  0000.00E+00  0000.00E+00
500001.E-02  0000.00E+00  0000.00E+00
510001.E-02  0000.00E+00  0000.00E+00
520001.E-02  0000.00E+00  0000.00E+00
530001.E-02  0000.00E+00  0000.00E+00
540001.E-02  0000.00E+00  0000.00E+00
550001.E-02  0000.00E+00  0000.00E+00
560001.E-02  0000.00E+00  0000.00E+00
570001.E-02  0000.00E+00  0000.00E+00
580001.E-02  0000.00E+00  0000.00E+00
590001.E-02  0000.00E+00  0000.00E+00
600001.E-02  0000.00E+00  0000.00E+00
610001.E-02  0000.00E+00  0000.00E+00
620001.E-02  0000.00E+00  0000.00E+00
630001.E-02  0000.00E+00  0000.00E+00
640001.E-02  0000.00E+00  0000.00E+00
650001.E-02  0000.00E+00  0000.00E+00
660001.E-02  0000.00E+00  0000.00E+00
670001.E-02  0000.00E+00  0000.00E+00
680001.E-02  0000.00E+00  0000.00E+00
690001.E-02  0000.00E+00  0000.00E+00
700001.E-02  0000.00E+00  0000.00E+00
710001.E-02  0000.00E+00  0000.00E+00
720001.E-02  0000.00E+00  0000.00E+00
730001.E-02  0000.00E+00  0000.00E+00
740001.E-02  0000.00E+00  0000.00E+00
750001.E-02  0000.00E+00  0000.00E+00
760001.E-02  0000.00E+00  0000.00E+00
770001.E-02  0000.00E+00  0000.00E+00
780001.E-02  0000.00E+00  0000.00E+00
790001.E-02  0000.00E+00  0000.00E+00
800001.E-02  0000.00E+00  0000.00E+00
810001.E-02  0000.00E+00  0000.00E+00
820001.E-02  0000.00E+00  0000.00E+00
830001.E-02  0000.00E+00  0000.00E+00
840001.E-02  0000.00E+00  0000.00E+00
850001.E-02  0000.00E+00  0000.00E+00
860001.E-02  0000.00E+00  0000.00E+00
870001.E-02  0000.00E+00  0000.00E+00
880001.E-02  0000.00E+00  0000.00E+00
890001.E-02  0000.00E+00  0000.00E+00
900001.E-02  0000.00E+00  0000.00E+00
910001.E-02  0000.00E+00  0000.00E+00
920001.E-02  0000.00E+00  0000.00E+00
930001.E-02  0000.00E+00  0000.00E+00
940001.E-02  0000.00E+00  0000.00E+00
950001.E-02  0000.00E+00  0000.00E+00
960001.E-02  0000.00E+00  0000.00E+00
970001.E-02  0000.00E+00  0000.00E+00
980001.E-02  0000.00E+00  0000.00E+00
990001.E-02  0000.00E+00  0000.00E+00
100000.E-01  0000.00E+00  0000.00E+00
